 949
 1991
 2232
 2874
 1293
 1254
 2227
 2230
 1589
 2233
 1593
 2553
 952
 1275
 2555
 1594
 1269
 2552
 2232
 972
 1891
 2234
 1030
 2148
 952
 1275
 873
 1033
 2873
 1592
 2871
 1597
 2235
 2553
 2230
 883
 1981
 2228
 1272
 875
 2633
 1911
 1111
 1771
 1046
 2436
 1912
 953
 2571
 852
 1142
 681
 2076
 902
 1963
 870
 1674
 2101
 2042
 1911
 1911
 1593
 1893
 891
 1652
 1290
 2555
 2853
 849
 845
 2142
 1913
 624
 1914
 2854
 1615
 1592
 1912
 2872
 1272
 1272
 1034
 2155
 1911
 1273
 1593
 836
 1393
 2875
 1908
 1592
 2873
 1594
 1274
 639
 741
 1162
 1273
 2557
 1271
 1272
 2230
 2554
 1593
 2551
 1593
 1913
 1940
 2845
 2235
 1913
 2553
 1592
 1592
 2652
 1814
 2551
 1594
 2865
 2232
 1272
 2871
 1916
 1593
 1273
 863
 1043
 2233
 962
 1261
 1594
 1910
 1613
 2532
 1269
 1593
 1597
 954
 1014
 973
 2151
 972
 2213
 1271
 2232
 2230
 1590
 2870
 2233
 1916
 861
 1684
 1270
 1915
 2873
 2551
 855
 2002
 2887
 1915
 862
 2643
 1595
 2873
 2551
 2554
 2853
 861
 2343
 1597
 951
 1593
 1933
 624
 1582
 2552
 1748
 1754
 1274
 2870
 1191
 2311
 2233
 592
 2595
 1278
 2872
 2869
 2552
 2552
 1592
 1589
 1596
 2872
 652
 726
 2759
 2553
 2232
 2861
 1924
 2396
 1743
 2563
 863
 1683
 1912
 2551
 1598
 2222
 2883
 1912
 1117
 671
 2361
 1903
 1598
 1913
 1018
 1194
 1272
 1276
 2562
 1262
 882
 2631
 1902
 645
 1910
 2224
 2002
 2483
 1571
 1252
 2260
 2222
 2243
 1033
 1504
 2233
 1592
 1903
 1922
 2232
 1593
 1921
 2388
 1443
 957
 1899
