193
199
188
181
194
200
197
203
120
207
196
118
108
189
192
120
123
108
135
102
131
124
140
197
133
106
107
106
132
130
114
128
154
109
119
162
114
115
147
123
160
112
111
140
146
141
135
106
103
107
122
139
114
110
133
128
108
121
134
124
201
119
106
115
114
134
106
112
115
136
111
114
184
112
110
143
105
94
116
118
108
132
167
127
126
164
106
104
195
109
108
139
105
109
107
115
126
130
126
97
150
110
144
141
180
111
104
107
109
165
112
113
121
121
124
126
169
107
111
130
126
139
141
110
102
116
163
105
104
102
112
128
136
136
124
120
146
104
133
161
121
132
116
220
132
101
108
190
104
127
136
108
100
114
154
126
163
171
115
132
102
125
133
133
107
133
157
112
124
136
105
119
122
154
124
113
142
110
128
149
102
173
144
103
154
124
192
106
118
113
146
118
183
133
148
108
148
178
172
123
130
166
104
157
113
100
95
98
98
90
100
100
98
104
102
101
99
106
101
85
103
102
100
101
99
104
