47
54
44
69
64
61
41
85
54
44
66
62
53
58
88
42
59
91
24
89
66
63
33
54
76
51
76
63
67
56
49
72
49
75
74
34
63
63
58
80
39
62
50
66
54
69
65
65
72
11
94
60
48
79
35
72
71
62
62
58
42
60
80
42
56
72
56
66
53
87
28
80
40
71
78
39
80
68
48
66
42
63
52
68
83
54
53
51
68
47
111
45
32
76
48
58
63
84
41
72
51
64
46
69
73
47
68
52
90
23
72
66
55
78
75
64
48
43
110
16
73
37
70
60
55
92
56
45
50
65
62
79
56
49
74
44
87
28
59
76
98
21
39
52
94
51
72
63
56
65
63
74
35
83
58
29
122
40
20
106
31
65
49
73
59
70
53
51
92
23
78
70
62
46
72
98
26
82
25
62
63
58
92
35
63
49
54
77
60
41
74
66
51
69
60
53
67
88
41
42
86
33
60
81
28
68
52
69
64
55
85
59
96
22
53
43
95
97
41
44
55
36
57
73
63
59
61
51
65
58
55
63
51
73
66
44
73
46
67
96
86
32
51
65
35
70
62
63
64
56
73
55
98
92
39
71
68
97
22
67
54
45
49
65
53
61
69
72
39
73
50
46
68
67
63
73
54
50
78
65
40
83
59
52
78
71
52
30
45
60
80
38
75
82
92
33
47
50
64
67
36
56
72
58
74
62
51
74
74
13
74
35
73
75
39
77
62
52
56
91
34
84
74
23
60
134
37
34
64
50
46
41
91
72
26
88
59
30
63
81
52
44
74
52
78
63
87
37
46
76
52
55
62
45
73
55
63
36
46
95
32
86
36
64
47
64
64
78
50
54
55
55
68
40
66
65
53
72
69
61
35
109
54
25
53
68
65
70
63
47
75
76
53
79
51
62
51
68
30
57
93
63
30
58
95
32
54
73
67
44
62
50
70
79
40
89
37
68
61
67
30
65
58
63
52
53
91
50
47
69
75
50
63
77
45
68
55
45
66
52
58
71
96
136
46
34
57
75
54
49
51
77
69
65
65
56
46
66
60
35
46
98
30
81
58
66
51
62
62
71
67
64
70
47
51
76
61
37
67
80
49
75
26
52
73
99
36
37
111
30
47
91
49
73
54
78
33
